334642.054	4263471.0768	0.00	0.00
334642.054	4263471.0768	7.62	7.62
334642.054	4263471.0768	15.24	15.24
334642.054	4263471.0768	22.86	22.86
334642.054	4263471.0768	30.48	30.48
334642.358	4263471.0768	38.10	38.10
334642.358	4263471.0768	45.72	45.72
334642.358	4263471.0768	53.34	53.34
334642.358	4263471.0768	60.96	60.96
334642.358	4263471.0768	68.58	68.58
334642.358	4263471.0768	76.20	76.20
334642.663	4263471.0768	83.82	83.82
334642.663	4263471.0768	91.44	91.44
334642.663	4263471.0768	99.06	99.06
334642.663	4263471.0768	106.68	106.68
334642.968	4263471.0768	114.30	114.30
334642.968	4263471.0768	121.92	121.92
334642.968	4263471.0768	129.53	129.54
334642.968	4263471.0768	137.15	137.16
334642.968	4263471.0768	144.77	144.78
334643.273	4263471.0768	152.39	152.40
334643.273	4263471.0768	160.01	160.02
334643.578	4263471.0768	167.63	167.64
334643.578	4263471.0768	175.25	175.26
334643.578	4263471.0768	182.87	182.88
334643.882	4263471.0768	190.49	190.50
334643.882	4263471.0768	198.11	198.12
334644.187	4263471.0768	205.72	205.74
334644.187	4263471.0768	213.34	213.36
334644.492	4263471.0768	220.96	220.98
334644.797	4263471.0768	228.58	228.60
334644.797	4263471.0768	236.20	236.22
334645.102	4263471.0768	243.82	243.84
334645.102	4263471.0768	251.43	251.46
334645.406	4263471.0768	259.05	259.08
334645.711	4263471.0768	266.67	266.70
334646.016	4263471.0768	274.28	274.32
334646.016	4263471.0768	281.90	281.94
334646.321	4263471.3816	289.51	289.56
334646.626	4263471.3816	297.13	297.18
334646.930	4263471.3816	304.75	304.80
334646.930	4263471.3816	312.37	312.42
334647.235	4263471.3816	319.98	320.04
334647.540	4263471.3816	327.60	327.66
334647.845	4263471.3816	335.21	335.28
334648.150	4263471.3816	342.83	342.90
334648.454	4263471.3816	350.44	350.52
334648.454	4263471.3816	358.06	358.14
334648.759	4263471.3816	365.67	365.76
334649.064	4263471.3816	373.29	373.38
334649.064	4263471.3816	380.91	381.00
334649.369	4263471.3816	388.53	388.62
334649.369	4263471.3816	396.15	396.24
334649.369	4263471.3816	403.77	403.86
334649.369	4263471.3816	411.39	411.48
334649.369	4263471.3816	419.01	419.10
334649.369	4263471.3816	426.63	426.72
334649.369	4263471.3816	434.25	434.34
334649.674	4263471.3816	441.87	441.96
334649.674	4263471.3816	449.49	449.58
334649.674	4263471.3816	457.11	457.20
334649.674	4263471.3816	464.73	464.82
334649.674	4263471.3816	472.35	472.44
334649.674	4263471.3816	479.97	480.06
334649.674	4263471.3816	487.59	487.68
334649.978	4263471.3816	495.21	495.30
334649.978	4263471.3816	502.83	502.92
334649.978	4263471.3816	510.45	510.54
334649.978	4263471.3816	518.07	518.16
334650.283	4263471.3816	525.69	525.78
334650.283	4263471.3816	533.31	533.40
334650.283	4263471.3816	540.92	541.02
334650.588	4263471.3816	548.54	548.64
334650.588	4263471.0768	556.16	556.26
334650.893	4263471.0768	563.78	563.88
334650.893	4263471.0768	571.40	571.50
334650.893	4263471.0768	579.02	579.12
334651.198	4263470.7720	586.64	586.74
334651.198	4263470.7720	594.26	594.36
334651.198	4263470.7720	601.87	601.98
334651.198	4263470.4672	609.49	609.60
334651.198	4263470.4672	617.11	617.22
334651.198	4263470.4672	624.73	624.84
334650.893	4263470.1624	632.35	632.46
334650.893	4263470.1624	639.97	640.08
334650.893	4263470.1624	647.59	647.70
334650.588	4263469.8576	655.21	655.32
334650.588	4263469.8576	662.83	662.94
334650.588	4263469.8576	670.45	670.56
334650.588	4263469.8576	678.06	678.18
334650.588	4263469.5528	685.68	685.80
334650.588	4263469.5528	693.30	693.42
334650.588	4263469.5528	700.92	701.04
334650.283	4263469.2480	708.54	708.66
334650.283	4263469.2480	716.16	716.28
334650.283	4263468.9432	723.78	723.90
334650.283	4263468.9432	731.40	731.52
334650.283	4263468.9432	739.02	739.14
334649.978	4263468.6384	746.64	746.76
334649.978	4263468.6384	754.26	754.38
334649.978	4263468.3336	761.87	762.00
334649.978	4263468.3336	769.49	769.62
334649.978	4263468.3336	777.11	777.24
334649.978	4263468.0288	784.73	784.86
334649.674	4263468.0288	792.35	792.48
334649.674	4263467.7240	799.97	800.10
334649.674	4263467.7240	807.59	807.72
334649.369	4263467.7240	815.21	815.34
334649.369	4263467.7240	822.82	822.96
334649.064	4263467.7240	830.44	830.58
334649.064	4263467.4192	838.06	838.20
334648.759	4263467.4192	845.68	845.82
334648.759	4263467.4192	853.29	853.44
334648.454	4263467.4192	860.91	861.06
334648.454	4263467.4192	868.53	868.68
334648.150	4263467.4192	876.15	876.30
334648.150	4263467.4192	883.77	883.92
334648.150	4263467.4192	891.39	891.54
334647.845	4263467.7240	899.01	899.16
334647.845	4263467.7240	906.63	906.78
334647.540	4263467.7240	914.24	914.40
334647.540	4263467.7240	921.86	922.02
334647.540	4263467.7240	929.48	929.64
334647.540	4263467.7240	937.10	937.26
334647.235	4263467.7240	944.72	944.88
334647.235	4263467.7240	952.34	952.50
334647.235	4263467.7240	959.96	960.12
334646.930	4263468.0288	967.58	967.74
334646.930	4263468.0288	975.20	975.36
334646.930	4263468.0288	982.82	982.98
334646.930	4263468.0288	990.44	990.60
334646.930	4263468.0288	998.06	998.22
334646.626	4263468.0288	1005.68	1005.84
334646.626	4263468.3336	1013.30	1013.46
334646.626	4263468.3336	1020.92	1021.08
334646.626	4263468.3336	1028.54	1028.70
334646.626	4263468.3336	1036.16	1036.32
334646.626	4263468.3336	1043.78	1043.94
334646.930	4263468.3336	1051.40	1051.56
334646.930	4263468.3336	1059.02	1059.18
334646.930	4263468.3336	1066.64	1066.80
334647.235	4263468.3336	1074.26	1074.42
334647.235	4263468.3336	1081.88	1082.04
334647.235	4263468.3336	1089.50	1089.66
334647.540	4263468.3336	1097.12	1097.28
334647.540	4263468.3336	1104.73	1104.90
334647.540	4263468.3336	1112.35	1112.52
334647.540	4263468.0288	1119.97	1120.14
334647.845	4263468.0288	1127.59	1127.76
334647.845	4263468.0288	1135.21	1135.38
334647.845	4263468.0288	1142.83	1143.00
334648.150	4263468.0288	1150.45	1150.62
334648.150	4263468.0288	1158.07	1158.24
334648.150	4263468.0288	1165.69	1165.86
334648.150	4263468.0288	1173.31	1173.48
334648.454	4263468.0288	1180.93	1181.10
334648.454	4263468.0288	1188.55	1188.72
334648.454	4263468.0288	1196.17	1196.34
334648.759	4263468.0288	1203.79	1203.96
334648.759	4263468.0288	1211.40	1211.58
334649.064	4263468.0288	1219.02	1219.20
334649.064	4263468.0288	1226.64	1226.82
334649.064	4263468.0288	1234.26	1234.44
334649.369	4263468.0288	1241.88	1242.06
334649.369	4263468.0288	1249.50	1249.68
334649.369	4263467.7240	1257.12	1257.30
334649.369	4263467.7240	1264.74	1264.92
334649.674	4263467.7240	1272.36	1272.54
334649.674	4263467.7240	1279.98	1280.16
334649.674	4263467.7240	1287.60	1287.78
334649.674	4263467.7240	1295.22	1295.40
334649.674	4263467.7240	1302.84	1303.02
334649.978	4263467.7240	1310.46	1310.64
334649.978	4263467.7240	1318.08	1318.26
334649.978	4263467.7240	1325.70	1325.88
334649.978	4263467.7240	1333.32	1333.50
334650.283	4263467.7240	1340.94	1341.12
334650.283	4263467.7240	1348.56	1348.74
334650.283	4263467.7240	1356.17	1356.36
334650.588	4263467.7240	1363.79	1363.98
334650.588	4263467.7240	1371.41	1371.60
334650.588	4263467.7240	1379.03	1379.22
334650.893	4263467.7240	1386.65	1386.84
334650.893	4263467.7240	1394.27	1394.46
334651.198	4263467.7240	1401.89	1402.08
334651.198	4263467.7240	1409.51	1409.70
334651.198	4263467.7240	1417.13	1417.32
334651.502	4263467.7240	1424.74	1424.94
334651.502	4263467.4192	1432.36	1432.56
334651.807	4263467.4192	1439.98	1440.18
334652.112	4263467.4192	1447.60	1447.80
334652.417	4263467.1144	1455.21	1455.42
334652.722	4263466.8096	1462.82	1463.04
334652.722	4263466.8096	1470.43	1470.66
334653.026	4263466.5048	1478.05	1478.28
334653.331	4263466.2000	1485.66	1485.90
334653.636	4263466.2000	1493.27	1493.52
334653.941	4263465.8952	1500.88	1501.14
334653.941	4263465.5904	1508.50	1508.76
334653.941	4263465.2856	1516.12	1516.38
334654.246	4263465.2856	1523.73	1524.00
334654.246	4263464.9808	1531.35	1531.62
334654.246	4263464.9808	1538.97	1539.24
334654.246	4263464.6760	1546.59	1546.86
334654.246	4263464.6760	1554.21	1554.48
334654.246	4263464.6760	1561.83	1562.10
334654.246	4263464.6760	1569.45	1569.72
334654.550	4263464.3712	1577.07	1577.34
334654.550	4263464.3712	1584.69	1584.96
334654.855	4263464.0664	1592.30	1592.58
334654.855	4263464.0664	1599.92	1600.20
334655.160	4263463.7616	1607.53	1607.82
334655.160	4263463.7616	1615.15	1615.44
334655.465	4263463.4568	1622.76	1623.06
334655.465	4263463.1520	1630.38	1630.68
334655.465	4263463.1520	1638.00	1638.30
334655.465	4263462.8472	1645.62	1645.92
334655.160	4263462.8472	1653.24	1653.54
334655.160	4263462.8472	1660.86	1661.16
334654.855	4263462.5424	1668.48	1668.78
334654.855	4263462.5424	1676.10	1676.40
334655.160	4263462.5424	1683.72	1684.02
334655.160	4263462.2376	1691.33	1691.64
334655.770	4263461.9328	1698.93	1699.26
334656.379	4263461.6280	1706.51	1706.88
334656.989	4263461.0184	1714.07	1714.50
334657.903	4263460.4088	1721.61	1722.12
334659.122	4263459.4944	1729.11	1729.74
334660.342	4263458.5800	1736.56	1737.36
334661.561	4263457.3608	1743.99	1744.98
334662.780	4263456.1416	1751.42	1752.60
334663.999	4263455.2272	1758.84	1760.22
334665.523	4263454.0080	1766.25	1767.84
334666.742	4263452.7888	1773.65	1775.46
334668.266	4263451.5696	1781.02	1783.08
334669.790	4263450.3504	1788.36	1790.70
334671.619	4263448.8264	1795.64	1798.32
334673.753	4263447.6072	1802.87	1805.94
334675.886	4263446.0832	1810.01	1813.56
334678.325	4263444.5592	1817.08	1821.18
334680.763	4263443.0352	1824.13	1828.80
334683.202	4263441.5112	1831.13	1836.42
334685.945	4263440.2920	1838.11	1844.04
334688.993	4263438.7680	1845.04	1851.66
334692.041	4263437.5488	1851.94	1859.28
334695.089	4263436.3296	1858.80	1866.90
334698.137	4263434.8056	1865.64	1874.52
334701.185	4263433.5864	1872.45	1882.14
334704.538	4263432.3672	1879.23	1889.76
334707.586	4263430.8432	1885.95	1897.38
334711.243	4263429.6240	1892.63	1905.00
334714.596	4263428.1000	1899.23	1912.62
334718.254	4263426.5760	1905.76	1920.24
334721.911	4263425.0520	1912.18	1927.86
334725.874	4263423.2232	1918.51	1935.48
334730.141	4263421.6992	1924.73	1943.10
334734.103	4263419.8704	1930.84	1950.72
334738.370	4263418.0416	1936.86	1958.34
334742.942	4263415.9080	1942.80	1965.96
334747.210	4263414.0792	1948.67	1973.58
334751.782	4263411.6408	1954.42	1981.20
334756.354	4263409.5072	1960.01	1988.82
334760.926	4263406.7640	1965.46	1996.44
334765.802	4263404.3256	1970.80	2004.06
334770.679	4263401.8872	1976.05	2011.68
334775.861	4263399.1440	1981.23	2019.30
334780.738	4263397.0104	1986.42	2026.92
334785.919	4263394.5720	1991.64	2034.54
334791.101	4263392.4384	1996.84	2042.16
334796.282	4263390.3048	2001.95	2049.78
334801.464	4263388.1712	2006.95	2057.40
334806.950	4263386.0376	2011.75	2065.02
334812.742	4263383.9040	2016.30	2072.64
334818.838	4263381.7704	2020.61	2080.26
334820.057	4263381.4656	2021.60	2082.07
334824.934	4263379.9416	2024.62	2087.88
334826.762	4263379.6368	2025.61	2089.86
334831.334	4263378.4176	2028.35	2095.50
334838.040	4263376.8936	2031.92	2103.12
334844.441	4263375.3696	2035.36	2110.74
334851.146	4263373.8456	2038.69	2118.36
334858.157	4263372.3216	2041.83	2125.98
334864.862	4263370.7976	2044.78	2133.60
334871.873	4263369.2736	2047.65	2141.22
334878.578	4263367.7496	2050.51	2148.84
334885.589	4263366.2256	2053.37	2156.46
334892.599	4263364.7016	2056.23	2164.08
334899.305	4263363.1776	2059.09	2171.70
334906.315	4263361.3488	2061.95	2179.32
334913.021	4263359.8248	2064.81	2186.94
334920.031	4263358.3008	2067.71	2194.56
334926.737	4263357.0816	2070.70	2202.18
334933.747	4263355.5576	2073.77	2209.80
334940.453	4263354.0336	2076.89	2217.42
334947.158	4263352.5096	2079.97	2225.04
334954.169	4263350.6808	2082.98	2232.66
334960.874	4263349.1568	2085.99	2240.28
334967.580	4263347.6328	2089.01	2247.90
334974.590	4263346.1088	2092.07	2255.52
334981.296	4263344.5848	2095.16	2263.14
334988.002	4263343.0608	2098.28	2270.76
334994.707	4263341.2320	2101.44	2278.38
335001.413	4263339.7080	2104.63	2286.00
335008.118	4263337.8792	2107.81	2293.62
335015.129	4263336.3552	2110.96	2301.24
335021.834	4263334.8312	2114.10	2308.86
335028.540	4263333.0024	2117.23	2316.48
335035.246	4263331.4784	2120.30	2324.10
335041.951	4263329.6496	2123.30	2331.72
335048.962	4263327.8208	2126.23	2339.34
335055.667	4263325.9920	2129.01	2346.96
335062.678	4263324.4680	2131.65	2354.58
335069.688	4263322.6392	2134.23	2362.20
335076.698	4263321.1152	2136.73	2369.82
335083.709	4263319.2864	2139.28	2377.44
335090.414	4263317.7624	2141.97	2385.06
335097.425	4263316.2384	2144.78	2392.68
335104.435	4263314.4096	2147.68	2400.30
335111.141	4263312.8856	2150.67	2407.92
335117.846	4263311.3616	2153.79	2415.54
335124.552	4263309.8376	2157.00	2423.16
335131.258	4263308.3136	2160.25	2430.78
335137.963	4263306.7896	2163.56	2438.40
335144.669	4263305.2656	2166.93	2446.02
335151.374	4263303.7416	2170.32	2453.64
335158.080	4263302.2176	2173.77	2461.26
335164.481	4263300.6936	2177.28	2468.88
335171.186	4263299.1696	2180.71	2476.50
335177.892	4263297.9504	2184.01	2484.12
335184.598	4263296.4264	2187.20	2491.74
335191.608	4263294.9024	2190.36	2499.36
335198.314	4263293.3784	2193.50	2506.98
335205.019	4263291.8544	2196.59	2514.60
335211.725	4263290.0256	2199.70	2522.22
335218.430	4263288.5016	2202.93	2529.84
335225.136	4263286.6728	2206.27	2537.46
335231.842	4263284.8440	2209.68	2545.08
335238.242	4263283.0152	2213.15	2552.70
335244.643	4263281.4912	2216.72	2560.32
335251.044	4263279.6624	2220.42	2567.94
335257.445	4263277.8336	2224.22	2575.56
335263.846	4263276.0048	2228.01	2583.18
335270.246	4263274.4808	2231.82	2590.80
335276.647	4263272.6520	2235.60	2598.42
335283.048	4263271.1280	2239.34	2606.04
335289.449	4263269.2992	2243.09	2613.66
335295.850	4263267.7752	2246.80	2621.28
335302.555	4263265.9464	2250.45	2628.90
335308.956	4263264.4224	2254.03	2636.52
335315.662	4263262.5936	2257.53	2644.14
335322.062	4263261.0696	2260.96	2651.76
335328.768	4263259.5456	2264.30	2659.38
335335.474	4263257.7168	2267.58	2667.00
335342.179	4263256.1928	2270.94	2674.62
335348.885	4263254.6688	2274.35	2682.24
335355.286	4263253.1448	2277.73	2689.86
335361.991	4263251.6208	2281.13	2697.48
335368.697	4263250.0968	2284.53	2705.10
335375.402	4263248.8776	2287.99	2712.72
335381.803	4263247.3536	2291.51	2720.34
335388.509	4263245.8296	2295.08	2727.96
335395.214	4263244.3056	2298.67	2735.58
335401.615	4263242.7816	2302.26	2743.20
335408.016	4263241.2576	2305.85	2750.82
335414.722	4263239.7336	2309.44	2758.44
335421.122	4263238.2096	2313.03	2766.06
335427.828	4263236.6856	2316.63	2773.68
335434.229	4263235.1616	2320.27	2781.30
335440.934	4263233.6376	2323.94	2788.92
335447.335	4263232.1136	2327.65	2796.54
335453.736	4263230.5896	2331.38	2804.16
335460.137	4263229.0656	2335.10	2811.78
335466.538	4263227.5416	2338.86	2819.40
335472.938	4263225.7128	2342.65	2827.02
335479.644	4263224.1888	2346.41	2834.64
335486.045	4263222.6648	2350.05	2842.26
335492.446	4263220.8360	2353.62	2849.88
335499.151	4263219.3120	2357.11	2857.50
335505.857	4263217.7880	2360.54	2865.12
335512.258	4263216.2640	2363.89	2872.74
335518.963	4263214.7400	2367.16	2880.36
335525.974	4263213.2160	2370.35	2887.98
335532.679	4263211.6920	2373.47	2895.60
335539.385	4263210.1680	2376.52	2903.22
335546.395	4263208.6440	2379.51	2910.84
335553.101	4263206.8152	2382.48	2918.46
335559.806	4263205.2912	2385.46	2926.08
335566.817	4263203.4624	2388.43	2933.70
335573.522	4263201.6336	2391.44	2941.32
335580.228	4263200.1096	2394.61	2948.94
335586.934	4263198.2808	2397.90	2956.56
335593.639	4263196.4520	2401.20	2964.18
335600.040	4263194.9280	2404.49	2971.80
335606.746	4263193.0992	2407.70	2979.42
335613.756	4263191.5752	2410.81	2987.04
335620.462	4263190.0512	2413.86	2994.66
335627.167	4263188.5272	2416.91	3002.28
335634.178	4263187.0032	2419.97	3009.90
335640.883	4263185.4792	2423.01	3017.52
335647.589	4263183.9552	2426.00	3025.14
335654.599	4263182.4312	2428.96	3032.76
335661.305	4263180.9072	2431.92	3040.38
335668.315	4263179.3832	2434.87	3048.00
335675.021	4263177.8592	2437.85	3055.62
335682.031	4263176.3352	2440.89	3063.24
335688.737	4263174.8112	2443.96	3070.86
335695.442	4263173.2872	2447.02	3078.48
335702.453	4263172.0680	2450.06	3086.10
335709.158	4263170.5440	2453.04	3093.72
335716.169	4263169.0200	2456.05	3101.34
335722.874	4263167.8008	2459.12	3108.96
335729.885	4263166.5816	2462.26	3116.58
335736.590	4263165.3624	2465.46	3124.20
335743.296	4263164.1432	2468.73	3131.82
335750.306	4263162.9240	2472.03	3139.44
335757.012	4263161.7048	2475.39	3147.06
335763.718	4263160.4856	2478.73	3154.68
335770.423	4263159.2664	2482.02	3162.30
335777.129	4263158.0472	2485.28	3169.92
335781.701	4263157.1328	2487.51	3175.10
335807.304	4263151.6464	2500.24	3204.06
335832.298	4263145.2456	2513.27	3233.01
335835.041	4263144.6360	2514.66	3236.09
335840.527	4263143.1120	2517.64	3242.74
335857.596	4263138.8448	2526.15	3262.27
335883.199	4263132.7488	2538.44	3291.23
335900.573	4263128.7864	2546.70	3310.74
335923.433	4263123.9096	2557.69	3336.65
